m        4.21875e-016
ks              1e-006
kb              4e-020
kp              1e-013
node
        64
                  35 	                  25 
         34.95184727 	          25.9801714 
          34.8078528 	         26.95090322 
         34.56940336 	         27.90284677 
         34.23879533 	         28.82683432 
         33.81921264 	         29.71396737 
         33.31469612 	         30.55570233 
         32.73010453 	         31.34393284 
         32.07106781 	         32.07106781 
         31.34393284 	         32.73010453 
         30.55570233 	         33.31469612 
         29.71396737 	         33.81921264 
         28.82683432 	         34.23879533 
         27.90284677 	         34.56940336 
         26.95090322 	          34.8078528 
          25.9801714 	         34.95184727 
                  25 	                  35 
          24.0198286 	         34.95184727 
         23.04909678 	          34.8078528 
         22.09715323 	         34.56940336 
         21.17316568 	         34.23879533 
         20.28603263 	         33.81921264 
         19.44429767 	         33.31469612 
         18.65606716 	         32.73010453 
         17.92893219 	         32.07106781 
         17.26989547 	         31.34393284 
         16.68530388 	         30.55570233 
         16.18078736 	         29.71396737 
         15.76120467 	         28.82683432 
         15.43059664 	         27.90284677 
          15.1921472 	         26.95090322 
         15.04815273 	          25.9801714 
                  15 	                  25 
         15.04815273 	          24.0198286 
          15.1921472 	         23.04909678 
         15.43059664 	         22.09715323 
         15.76120467 	         21.17316568 
         16.18078736 	         20.28603263 
         16.68530388 	         19.44429767 
         17.26989547 	         18.65606716 
         17.92893219 	         17.92893219 
         18.65606716 	         17.26989547 
         19.44429767 	         16.68530388 
         20.28603263 	         16.18078736 
         21.17316568 	         15.76120467 
         22.09715323 	         15.43059664 
         23.04909678 	          15.1921472 
          24.0198286 	         15.04815273 
                  25 	                  15 
          25.9801714 	         15.04815273 
         26.95090322 	          15.1921472 
         27.90284677 	         15.43059664 
         28.82683432 	         15.76120467 
         29.71396737 	         16.18078736 
         30.55570233 	         16.68530388 
         31.34393284 	         17.26989547 
         32.07106781 	         17.92893219 
         32.73010453 	         18.65606716 
         33.31469612 	         19.44429767 
         33.81921264 	         20.28603263 
         34.23879533 	         21.17316568 
         34.56940336 	         22.09715323 
          34.8078528 	         23.04909678 
         34.95184727 	          24.0198286 
bond
        64
         0 	         1 	        0.9813534865
         1 	         2 	        0.9813534865
         2 	         3 	        0.9813534865
         3 	         4 	        0.9813534865
         4 	         5 	        0.9813534865
         5 	         6 	        0.9813534865
         6 	         7 	        0.9813534865
         7 	         8 	        0.9813534865
         8 	         9 	        0.9813534865
         9 	        10 	        0.9813534865
        10 	        11 	        0.9813534865
        11 	        12 	        0.9813534865
        12 	        13 	        0.9813534865
        13 	        14 	        0.9813534865
        14 	        15 	        0.9813534865
        15 	        16 	        0.9813534865
        16 	        17 	        0.9813534865
        17 	        18 	        0.9813534865
        18 	        19 	        0.9813534865
        19 	        20 	        0.9813534865
        20 	        21 	        0.9813534865
        21 	        22 	        0.9813534865
        22 	        23 	        0.9813534865
        23 	        24 	        0.9813534865
        24 	        25 	        0.9813534865
        25 	        26 	        0.9813534865
        26 	        27 	        0.9813534865
        27 	        28 	        0.9813534865
        28 	        29 	        0.9813534865
        29 	        30 	        0.9813534865
        30 	        31 	        0.9813534865
        31 	        32 	        0.9813534865
        32 	        33 	        0.9813534865
        33 	        34 	        0.9813534865
        34 	        35 	        0.9813534865
        35 	        36 	        0.9813534865
        36 	        37 	        0.9813534865
        37 	        38 	        0.9813534865
        38 	        39 	        0.9813534865
        39 	        40 	        0.9813534865
        40 	        41 	        0.9813534865
        41 	        42 	        0.9813534865
        42 	        43 	        0.9813534865
        43 	        44 	        0.9813534865
        44 	        45 	        0.9813534865
        45 	        46 	        0.9813534865
        46 	        47 	        0.9813534865
        47 	        48 	        0.9813534865
        48 	        49 	        0.9813534865
        49 	        50 	        0.9813534865
        50 	        51 	        0.9813534865
        51 	        52 	        0.9813534865
        52 	        53 	        0.9813534865
        53 	        54 	        0.9813534865
        54 	        55 	        0.9813534865
        55 	        56 	        0.9813534865
        56 	        57 	        0.9813534865
        57 	        58 	        0.9813534865
        58 	        59 	        0.9813534865
        59 	        60 	        0.9813534865
        60 	        61 	        0.9813534865
        61 	        62 	        0.9813534865
        62 	        63 	        0.9813534865
        63 	         0 	        0.9813534865
angle
        64
        63 	         0 	         1 	         3.141592654
         0 	         1 	         2 	         3.141592654
         1 	         2 	         3 	         3.141592654
         2 	         3 	         4 	         3.141592654
         3 	         4 	         5 	         3.141592654
         4 	         5 	         6 	         3.141592654
         5 	         6 	         7 	         3.141592654
         6 	         7 	         8 	         3.141592654
         7 	         8 	         9 	         3.141592654
         8 	         9 	        10 	         3.141592654
         9 	        10 	        11 	         3.141592654
        10 	        11 	        12 	         3.141592654
        11 	        12 	        13 	         3.141592654
        12 	        13 	        14 	         3.141592654
        13 	        14 	        15 	         3.141592654
        14 	        15 	        16 	         3.141592654
        15 	        16 	        17 	         3.141592654
        16 	        17 	        18 	         3.141592654
        17 	        18 	        19 	         3.141592654
        18 	        19 	        20 	         3.141592654
        19 	        20 	        21 	         3.141592654
        20 	        21 	        22 	         3.141592654
        21 	        22 	        23 	         3.141592654
        22 	        23 	        24 	         3.141592654
        23 	        24 	        25 	         3.141592654
        24 	        25 	        26 	         3.141592654
        25 	        26 	        27 	         3.141592654
        26 	        27 	        28 	         3.141592654
        27 	        28 	        29 	         3.141592654
        28 	        29 	        30 	         3.141592654
        29 	        30 	        31 	         3.141592654
        30 	        31 	        32 	         3.141592654
        31 	        32 	        33 	         3.141592654
        32 	        33 	        34 	         3.141592654
        33 	        34 	        35 	         3.141592654
        34 	        35 	        36 	         3.141592654
        35 	        36 	        37 	         3.141592654
        36 	        37 	        38 	         3.141592654
        37 	        38 	        39 	         3.141592654
        38 	        39 	        40 	         3.141592654
        39 	        40 	        41 	         3.141592654
        40 	        41 	        42 	         3.141592654
        41 	        42 	        43 	         3.141592654
        42 	        43 	        44 	         3.141592654
        43 	        44 	        45 	         3.141592654
        44 	        45 	        46 	         3.141592654
        45 	        46 	        47 	         3.141592654
        46 	        47 	        48 	         3.141592654
        47 	        48 	        49 	         3.141592654
        48 	        49 	        50 	         3.141592654
        49 	        50 	        51 	         3.141592654
        50 	        51 	        52 	         3.141592654
        51 	        52 	        53 	         3.141592654
        52 	        53 	        54 	         3.141592654
        53 	        54 	        55 	         3.141592654
        54 	        55 	        56 	         3.141592654
        55 	        56 	        57 	         3.141592654
        56 	        57 	        58 	         3.141592654
        57 	        58 	        59 	         3.141592654
        58 	        59 	        60 	         3.141592654
        59 	        60 	        61 	         3.141592654
        60 	        61 	        62 	         3.141592654
        61 	        62 	        63 	         3.141592654
        62 	        63 	         0 	         3.141592654
