m    5.235987756e-019
diameter              1e-007
diffusion    4.392676429e-012
ks              1e-006
kb              1e-022
kp                0.01
kBT           4.14e-021     4319723
ljcut           1.07e-025             1.5e-007               4e-007
periodic 1 1
ns
       378
node
       378
                  19 	                   4 
                  19 	                   6 
                  19 	                   8 
                  19 	                  10 
                  19 	                  12 
                  19 	                  14 
                  19 	                  16 
                  19 	                  18 
                  19 	                  20 
                  19 	                  22 
                  19 	                  24 
                  19 	                  26 
                  19 	                  28 
                  19 	                  30 
                  19 	                  32 
                  19 	                  34 
                  19 	                  36 
                  19 	                  38 
                  19 	                  40 
                  19 	                  42 
                  19 	                  44 
                  21 	                   4 
                  21 	                   6 
                  21 	                   8 
                  21 	                  10 
                  21 	                  12 
                  21 	                  14 
                  21 	                  16 
                  21 	                  18 
                  21 	                  20 
                  21 	                  22 
                  21 	                  24 
                  21 	                  26 
                  21 	                  28 
                  21 	                  30 
                  21 	                  32 
                  21 	                  34 
                  21 	                  36 
                  21 	                  38 
                  21 	                  40 
                  21 	                  42 
                  21 	                  44 
                  23 	                   4 
                  23 	                   6 
                  23 	                   8 
                  23 	                  10 
                  23 	                  12 
                  23 	                  14 
                  23 	                  16 
                  23 	                  18 
                  23 	                  20 
                  23 	                  22 
                  23 	                  24 
                  23 	                  26 
                  23 	                  28 
                  23 	                  30 
                  23 	                  32 
                  23 	                  34 
                  23 	                  36 
                  23 	                  38 
                  23 	                  40 
                  23 	                  42 
                  23 	                  44 
                  25 	                   4 
                  25 	                   6 
                  25 	                   8 
                  25 	                  10 
                  25 	                  12 
                  25 	                  14 
                  25 	                  16 
                  25 	                  18 
                  25 	                  20 
                  25 	                  22 
                  25 	                  24 
                  25 	                  26 
                  25 	                  28 
                  25 	                  30 
                  25 	                  32 
                  25 	                  34 
                  25 	                  36 
                  25 	                  38 
                  25 	                  40 
                  25 	                  42 
                  25 	                  44 
                  27 	                   4 
                  27 	                   6 
                  27 	                   8 
                  27 	                  10 
                  27 	                  12 
                  27 	                  14 
                  27 	                  16 
                  27 	                  18 
                  27 	                  20 
                  27 	                  22 
                  27 	                  24 
                  27 	                  26 
                  27 	                  28 
                  27 	                  30 
                  27 	                  32 
                  27 	                  34 
                  27 	                  36 
                  27 	                  38 
                  27 	                  40 
                  27 	                  42 
                  27 	                  44 
                  29 	                   4 
                  29 	                   6 
                  29 	                   8 
                  29 	                  10 
                  29 	                  12 
                  29 	                  14 
                  29 	                  16 
                  29 	                  18 
                  29 	                  20 
                  29 	                  22 
                  29 	                  24 
                  29 	                  26 
                  29 	                  28 
                  29 	                  30 
                  29 	                  32 
                  29 	                  34 
                  29 	                  36 
                  29 	                  38 
                  29 	                  40 
                  29 	                  42 
                  29 	                  44 
                  51 	                   4 
                  51 	                   6 
                  51 	                   8 
                  51 	                  10 
                  51 	                  12 
                  51 	                  14 
                  51 	                  16 
                  51 	                  18 
                  51 	                  20 
                  51 	                  22 
                  51 	                  24 
                  51 	                  26 
                  51 	                  28 
                  51 	                  30 
                  51 	                  32 
                  51 	                  34 
                  51 	                  36 
                  51 	                  38 
                  51 	                  40 
                  51 	                  42 
                  51 	                  44 
                  53 	                   4 
                  53 	                   6 
                  53 	                   8 
                  53 	                  10 
                  53 	                  12 
                  53 	                  14 
                  53 	                  16 
                  53 	                  18 
                  53 	                  20 
                  53 	                  22 
                  53 	                  24 
                  53 	                  26 
                  53 	                  28 
                  53 	                  30 
                  53 	                  32 
                  53 	                  34 
                  53 	                  36 
                  53 	                  38 
                  53 	                  40 
                  53 	                  42 
                  53 	                  44 
                  55 	                   4 
                  55 	                   6 
                  55 	                   8 
                  55 	                  10 
                  55 	                  12 
                  55 	                  14 
                  55 	                  16 
                  55 	                  18 
                  55 	                  20 
                  55 	                  22 
                  55 	                  24 
                  55 	                  26 
                  55 	                  28 
                  55 	                  30 
                  55 	                  32 
                  55 	                  34 
                  55 	                  36 
                  55 	                  38 
                  55 	                  40 
                  55 	                  42 
                  55 	                  44 
                  57 	                   4 
                  57 	                   6 
                  57 	                   8 
                  57 	                  10 
                  57 	                  12 
                  57 	                  14 
                  57 	                  16 
                  57 	                  18 
                  57 	                  20 
                  57 	                  22 
                  57 	                  24 
                  57 	                  26 
                  57 	                  28 
                  57 	                  30 
                  57 	                  32 
                  57 	                  34 
                  57 	                  36 
                  57 	                  38 
                  57 	                  40 
                  57 	                  42 
                  57 	                  44 
                  59 	                   4 
                  59 	                   6 
                  59 	                   8 
                  59 	                  10 
                  59 	                  12 
                  59 	                  14 
                  59 	                  16 
                  59 	                  18 
                  59 	                  20 
                  59 	                  22 
                  59 	                  24 
                  59 	                  26 
                  59 	                  28 
                  59 	                  30 
                  59 	                  32 
                  59 	                  34 
                  59 	                  36 
                  59 	                  38 
                  59 	                  40 
                  59 	                  42 
                  59 	                  44 
                  61 	                   4 
                  61 	                   6 
                  61 	                   8 
                  61 	                  10 
                  61 	                  12 
                  61 	                  14 
                  61 	                  16 
                  61 	                  18 
                  61 	                  20 
                  61 	                  22 
                  61 	                  24 
                  61 	                  26 
                  61 	                  28 
                  61 	                  30 
                  61 	                  32 
                  61 	                  34 
                  61 	                  36 
                  61 	                  38 
                  61 	                  40 
                  61 	                  42 
                  61 	                  44 
                  83 	                   4 
                  83 	                   6 
                  83 	                   8 
                  83 	                  10 
                  83 	                  12 
                  83 	                  14 
                  83 	                  16 
                  83 	                  18 
                  83 	                  20 
                  83 	                  22 
                  83 	                  24 
                  83 	                  26 
                  83 	                  28 
                  83 	                  30 
                  83 	                  32 
                  83 	                  34 
                  83 	                  36 
                  83 	                  38 
                  83 	                  40 
                  83 	                  42 
                  83 	                  44 
                  85 	                   4 
                  85 	                   6 
                  85 	                   8 
                  85 	                  10 
                  85 	                  12 
                  85 	                  14 
                  85 	                  16 
                  85 	                  18 
                  85 	                  20 
                  85 	                  22 
                  85 	                  24 
                  85 	                  26 
                  85 	                  28 
                  85 	                  30 
                  85 	                  32 
                  85 	                  34 
                  85 	                  36 
                  85 	                  38 
                  85 	                  40 
                  85 	                  42 
                  85 	                  44 
                  87 	                   4 
                  87 	                   6 
                  87 	                   8 
                  87 	                  10 
                  87 	                  12 
                  87 	                  14 
                  87 	                  16 
                  87 	                  18 
                  87 	                  20 
                  87 	                  22 
                  87 	                  24 
                  87 	                  26 
                  87 	                  28 
                  87 	                  30 
                  87 	                  32 
                  87 	                  34 
                  87 	                  36 
                  87 	                  38 
                  87 	                  40 
                  87 	                  42 
                  87 	                  44 
                  89 	                   4 
                  89 	                   6 
                  89 	                   8 
                  89 	                  10 
                  89 	                  12 
                  89 	                  14 
                  89 	                  16 
                  89 	                  18 
                  89 	                  20 
                  89 	                  22 
                  89 	                  24 
                  89 	                  26 
                  89 	                  28 
                  89 	                  30 
                  89 	                  32 
                  89 	                  34 
                  89 	                  36 
                  89 	                  38 
                  89 	                  40 
                  89 	                  42 
                  89 	                  44 
                  91 	                   4 
                  91 	                   6 
                  91 	                   8 
                  91 	                  10 
                  91 	                  12 
                  91 	                  14 
                  91 	                  16 
                  91 	                  18 
                  91 	                  20 
                  91 	                  22 
                  91 	                  24 
                  91 	                  26 
                  91 	                  28 
                  91 	                  30 
                  91 	                  32 
                  91 	                  34 
                  91 	                  36 
                  91 	                  38 
                  91 	                  40 
                  91 	                  42 
                  91 	                  44 
                  93 	                   4 
                  93 	                   6 
                  93 	                   8 
                  93 	                  10 
                  93 	                  12 
                  93 	                  14 
                  93 	                  16 
                  93 	                  18 
                  93 	                  20 
                  93 	                  22 
                  93 	                  24 
                  93 	                  26 
                  93 	                  28 
                  93 	                  30 
                  93 	                  32 
                  93 	                  34 
                  93 	                  36 
                  93 	                  38 
                  93 	                  40 
                  93 	                  42 
                  93 	                  44 
bond
         0
angle
         0
