m        0.4908738521
ks                1e-3
kb                4e-19
kp              1e-013
node
        64
                  85 	                  50 
         84.97592363 	          50.4900857 
          84.9039264 	         50.97545161 
         84.78470168 	         51.45142339 
         84.61939766 	         51.91341716 
         84.40960632 	         52.35698368 
         84.15734806 	         52.77785117 
         83.86505227 	         53.17196642 
         83.53553391 	         53.53553391 
         83.17196642 	         53.86505227 
         82.77785117 	         54.15734806 
         82.35698368 	         54.40960632 
         81.91341716 	         54.61939766 
         81.45142339 	         54.78470168 
         80.97545161 	          54.9039264 
          80.4900857 	         54.97592363 
                  80 	                  55 
          79.5099143 	         54.97592363 
         79.02454839 	          54.9039264 
         78.54857661 	         54.78470168 
         78.08658284 	         54.61939766 
         77.64301632 	         54.40960632 
         77.22214883 	         54.15734806 
         76.82803358 	         53.86505227 
         76.46446609 	         53.53553391 
         76.13494773 	         53.17196642 
         75.84265194 	         52.77785117 
         75.59039368 	         52.35698368 
         75.38060234 	         51.91341716 
         75.21529832 	         51.45142339 
          75.0960736 	         50.97545161 
         75.02407637 	          50.4900857 
                  75 	                  50 
         75.02407637 	          49.5099143 
          75.0960736 	         49.02454839 
         75.21529832 	         48.54857661 
         75.38060234 	         48.08658284 
         75.59039368 	         47.64301632 
         75.84265194 	         47.22214883 
         76.13494773 	         46.82803358 
         76.46446609 	         46.46446609 
         76.82803358 	         46.13494773 
         77.22214883 	         45.84265194 
         77.64301632 	         45.59039368 
         78.08658284 	         45.38060234 
         78.54857661 	         45.21529832 
         79.02454839 	          45.0960736 
          79.5099143 	         45.02407637 
                  80 	                  45 
          80.4900857 	         45.02407637 
         80.97545161 	          45.0960736 
         81.45142339 	         45.21529832 
         81.91341716 	         45.38060234 
         82.35698368 	         45.59039368 
         82.77785117 	         45.84265194 
         83.17196642 	         46.13494773 
         83.53553391 	         46.46446609 
         83.86505227 	         46.82803358 
         84.15734806 	         47.22214883 
         84.40960632 	         47.64301632 
         84.61939766 	         48.08658284 
         84.78470168 	         48.54857661 
          84.9039264 	         49.02454839 
         84.97592363 	          49.5099143 
bond
        64
         0 	         1 	        0.4906767433
         1 	         2 	        0.4906767433
         2 	         3 	        0.4906767433
         3 	         4 	        0.4906767433
         4 	         5 	        0.4906767433
         5 	         6 	        0.4906767433
         6 	         7 	        0.4906767433
         7 	         8 	        0.4906767433
         8 	         9 	        0.4906767433
         9 	        10 	        0.4906767433
        10 	        11 	        0.4906767433
        11 	        12 	        0.4906767433
        12 	        13 	        0.4906767433
        13 	        14 	        0.4906767433
        14 	        15 	        0.4906767433
        15 	        16 	        0.4906767433
        16 	        17 	        0.4906767433
        17 	        18 	        0.4906767433
        18 	        19 	        0.4906767433
        19 	        20 	        0.4906767433
        20 	        21 	        0.4906767433
        21 	        22 	        0.4906767433
        22 	        23 	        0.4906767433
        23 	        24 	        0.4906767433
        24 	        25 	        0.4906767433
        25 	        26 	        0.4906767433
        26 	        27 	        0.4906767433
        27 	        28 	        0.4906767433
        28 	        29 	        0.4906767433
        29 	        30 	        0.4906767433
        30 	        31 	        0.4906767433
        31 	        32 	        0.4906767433
        32 	        33 	        0.4906767433
        33 	        34 	        0.4906767433
        34 	        35 	        0.4906767433
        35 	        36 	        0.4906767433
        36 	        37 	        0.4906767433
        37 	        38 	        0.4906767433
        38 	        39 	        0.4906767433
        39 	        40 	        0.4906767433
        40 	        41 	        0.4906767433
        41 	        42 	        0.4906767433
        42 	        43 	        0.4906767433
        43 	        44 	        0.4906767433
        44 	        45 	        0.4906767433
        45 	        46 	        0.4906767433
        46 	        47 	        0.4906767433
        47 	        48 	        0.4906767433
        48 	        49 	        0.4906767433
        49 	        50 	        0.4906767433
        50 	        51 	        0.4906767433
        51 	        52 	        0.4906767433
        52 	        53 	        0.4906767433
        53 	        54 	        0.4906767433
        54 	        55 	        0.4906767433
        55 	        56 	        0.4906767433
        56 	        57 	        0.4906767433
        57 	        58 	        0.4906767433
        58 	        59 	        0.4906767433
        59 	        60 	        0.4906767433
        60 	        61 	        0.4906767433
        61 	        62 	        0.4906767433
        62 	        63 	        0.4906767433
        63 	         0 	        0.4906767433
angle
        64
        63 	         0 	         1 	         3.141592654
         0 	         1 	         2 	         3.141592654
         1 	         2 	         3 	         3.141592654
         2 	         3 	         4 	         3.141592654
         3 	         4 	         5 	         3.141592654
         4 	         5 	         6 	         3.141592654
         5 	         6 	         7 	         3.141592654
         6 	         7 	         8 	         3.141592654
         7 	         8 	         9 	         3.141592654
         8 	         9 	        10 	         3.141592654
         9 	        10 	        11 	         3.141592654
        10 	        11 	        12 	         3.141592654
        11 	        12 	        13 	         3.141592654
        12 	        13 	        14 	         3.141592654
        13 	        14 	        15 	         3.141592654
        14 	        15 	        16 	         3.141592654
        15 	        16 	        17 	         3.141592654
        16 	        17 	        18 	         3.141592654
        17 	        18 	        19 	         3.141592654
        18 	        19 	        20 	         3.141592654
        19 	        20 	        21 	         3.141592654
        20 	        21 	        22 	         3.141592654
        21 	        22 	        23 	         3.141592654
        22 	        23 	        24 	         3.141592654
        23 	        24 	        25 	         3.141592654
        24 	        25 	        26 	         3.141592654
        25 	        26 	        27 	         3.141592654
        26 	        27 	        28 	         3.141592654
        27 	        28 	        29 	         3.141592654
        28 	        29 	        30 	         3.141592654
        29 	        30 	        31 	         3.141592654
        30 	        31 	        32 	         3.141592654
        31 	        32 	        33 	         3.141592654
        32 	        33 	        34 	         3.141592654
        33 	        34 	        35 	         3.141592654
        34 	        35 	        36 	         3.141592654
        35 	        36 	        37 	         3.141592654
        36 	        37 	        38 	         3.141592654
        37 	        38 	        39 	         3.141592654
        38 	        39 	        40 	         3.141592654
        39 	        40 	        41 	         3.141592654
        40 	        41 	        42 	         3.141592654
        41 	        42 	        43 	         3.141592654
        42 	        43 	        44 	         3.141592654
        43 	        44 	        45 	         3.141592654
        44 	        45 	        46 	         3.141592654
        45 	        46 	        47 	         3.141592654
        46 	        47 	        48 	         3.141592654
        47 	        48 	        49 	         3.141592654
        48 	        49 	        50 	         3.141592654
        49 	        50 	        51 	         3.141592654
        50 	        51 	        52 	         3.141592654
        51 	        52 	        53 	         3.141592654
        52 	        53 	        54 	         3.141592654
        53 	        54 	        55 	         3.141592654
        54 	        55 	        56 	         3.141592654
        55 	        56 	        57 	         3.141592654
        56 	        57 	        58 	         3.141592654
        57 	        58 	        59 	         3.141592654
        58 	        59 	        60 	         3.141592654
        59 	        60 	        61 	         3.141592654
        60 	        61 	        62 	         3.141592654
        61 	        62 	        63 	         3.141592654
        62 	        63 	         0 	         3.141592654
