m    5.235987756e-019
diffusion    4.392676429e-012
ks                   0
kb                   0
kp                   0
kBT           4.14e-021
ljcut    1.079734219e-021             1.6e-007               0
periodic 1 0
ns
        96
node
       576
                   4 	                   5 
                   4 	                   6 
                   4 	                   7 
                   4 	                   8 
                   4 	                   9 
                   4 	                  10 
                   4 	                  12 
                   4 	                  13 
                   4 	                  14 
                   4 	                  15 
                   4 	                  16 
                   4 	                  17 
                   4 	                  19 
                   4 	                  20 
                   4 	                  21 
                   4 	                  22 
                   4 	                  23 
                   4 	                  24 
                   4 	                  26 
                   4 	                  27 
                   4 	                  28 
                   4 	                  29 
                   4 	                  30 
                   4 	                  31 
                   4 	                  33 
                   4 	                  34 
                   4 	                  35 
                   4 	                  36 
                   4 	                  37 
                   4 	                  38 
                   4 	                  40 
                   4 	                  41 
                   4 	                  42 
                   4 	                  43 
                   4 	                  44 
                   4 	                  45 
                   9 	                   8 
                   9 	                   9 
                   9 	                  10 
                   9 	                  11 
                   9 	                  12 
                   9 	                  13 
                   9 	                  15 
                   9 	                  16 
                   9 	                  17 
                   9 	                  18 
                   9 	                  19 
                   9 	                  20 
                   9 	                  22 
                   9 	                  23 
                   9 	                  24 
                   9 	                  25 
                   9 	                  26 
                   9 	                  27 
                   9 	                  29 
                   9 	                  30 
                   9 	                  31 
                   9 	                  32 
                   9 	                  33 
                   9 	                  34 
                   9 	                  36 
                   9 	                  37 
                   9 	                  38 
                   9 	                  39 
                   9 	                  40 
                   9 	                  41 
                   9 	                  43 
                   9 	                  44 
                   9 	                  45 
                   9 	                  46 
                   9 	                  47 
                   9 	                  48 
                  14 	                   5 
                  14 	                   6 
                  14 	                   7 
                  14 	                   8 
                  14 	                   9 
                  14 	                  10 
                  14 	                  12 
                  14 	                  13 
                  14 	                  14 
                  14 	                  15 
                  14 	                  16 
                  14 	                  17 
                  14 	                  19 
                  14 	                  20 
                  14 	                  21 
                  14 	                  22 
                  14 	                  23 
                  14 	                  24 
                  14 	                  26 
                  14 	                  27 
                  14 	                  28 
                  14 	                  29 
                  14 	                  30 
                  14 	                  31 
                  14 	                  33 
                  14 	                  34 
                  14 	                  35 
                  14 	                  36 
                  14 	                  37 
                  14 	                  38 
                  14 	                  40 
                  14 	                  41 
                  14 	                  42 
                  14 	                  43 
                  14 	                  44 
                  14 	                  45 
                  19 	                   8 
                  19 	                   9 
                  19 	                  10 
                  19 	                  11 
                  19 	                  12 
                  19 	                  13 
                  19 	                  15 
                  19 	                  16 
                  19 	                  17 
                  19 	                  18 
                  19 	                  19 
                  19 	                  20 
                  19 	                  22 
                  19 	                  23 
                  19 	                  24 
                  19 	                  25 
                  19 	                  26 
                  19 	                  27 
                  19 	                  29 
                  19 	                  30 
                  19 	                  31 
                  19 	                  32 
                  19 	                  33 
                  19 	                  34 
                  19 	                  36 
                  19 	                  37 
                  19 	                  38 
                  19 	                  39 
                  19 	                  40 
                  19 	                  41 
                  19 	                  43 
                  19 	                  44 
                  19 	                  45 
                  19 	                  46 
                  19 	                  47 
                  19 	                  48 
                  29 	                   5 
                  29 	                   6 
                  29 	                   7 
                  29 	                   8 
                  29 	                   9 
                  29 	                  10 
                  29 	                  12 
                  29 	                  13 
                  29 	                  14 
                  29 	                  15 
                  29 	                  16 
                  29 	                  17 
                  29 	                  19 
                  29 	                  20 
                  29 	                  21 
                  29 	                  22 
                  29 	                  23 
                  29 	                  24 
                  29 	                  26 
                  29 	                  27 
                  29 	                  28 
                  29 	                  29 
                  29 	                  30 
                  29 	                  31 
                  29 	                  33 
                  29 	                  34 
                  29 	                  35 
                  29 	                  36 
                  29 	                  37 
                  29 	                  38 
                  29 	                  40 
                  29 	                  41 
                  29 	                  42 
                  29 	                  43 
                  29 	                  44 
                  29 	                  45 
                  34 	                   8 
                  34 	                   9 
                  34 	                  10 
                  34 	                  11 
                  34 	                  12 
                  34 	                  13 
                  34 	                  15 
                  34 	                  16 
                  34 	                  17 
                  34 	                  18 
                  34 	                  19 
                  34 	                  20 
                  34 	                  22 
                  34 	                  23 
                  34 	                  24 
                  34 	                  25 
                  34 	                  26 
                  34 	                  27 
                  34 	                  29 
                  34 	                  30 
                  34 	                  31 
                  34 	                  32 
                  34 	                  33 
                  34 	                  34 
                  34 	                  36 
                  34 	                  37 
                  34 	                  38 
                  34 	                  39 
                  34 	                  40 
                  34 	                  41 
                  34 	                  43 
                  34 	                  44 
                  34 	                  45 
                  34 	                  46 
                  34 	                  47 
                  34 	                  48 
                  39 	                   5 
                  39 	                   6 
                  39 	                   7 
                  39 	                   8 
                  39 	                   9 
                  39 	                  10 
                  39 	                  12 
                  39 	                  13 
                  39 	                  14 
                  39 	                  15 
                  39 	                  16 
                  39 	                  17 
                  39 	                  19 
                  39 	                  20 
                  39 	                  21 
                  39 	                  22 
                  39 	                  23 
                  39 	                  24 
                  39 	                  26 
                  39 	                  27 
                  39 	                  28 
                  39 	                  29 
                  39 	                  30 
                  39 	                  31 
                  39 	                  33 
                  39 	                  34 
                  39 	                  35 
                  39 	                  36 
                  39 	                  37 
                  39 	                  38 
                  39 	                  40 
                  39 	                  41 
                  39 	                  42 
                  39 	                  43 
                  39 	                  44 
                  39 	                  45 
                  44 	                   8 
                  44 	                   9 
                  44 	                  10 
                  44 	                  11 
                  44 	                  12 
                  44 	                  13 
                  44 	                  15 
                  44 	                  16 
                  44 	                  17 
                  44 	                  18 
                  44 	                  19 
                  44 	                  20 
                  44 	                  22 
                  44 	                  23 
                  44 	                  24 
                  44 	                  25 
                  44 	                  26 
                  44 	                  27 
                  44 	                  29 
                  44 	                  30 
                  44 	                  31 
                  44 	                  32 
                  44 	                  33 
                  44 	                  34 
                  44 	                  36 
                  44 	                  37 
                  44 	                  38 
                  44 	                  39 
                  44 	                  40 
                  44 	                  41 
                  44 	                  43 
                  44 	                  44 
                  44 	                  45 
                  44 	                  46 
                  44 	                  47 
                  44 	                  48 
                  54 	                   5 
                  54 	                   6 
                  54 	                   7 
                  54 	                   8 
                  54 	                   9 
                  54 	                  10 
                  54 	                  12 
                  54 	                  13 
                  54 	                  14 
                  54 	                  15 
                  54 	                  16 
                  54 	                  17 
                  54 	                  19 
                  54 	                  20 
                  54 	                  21 
                  54 	                  22 
                  54 	                  23 
                  54 	                  24 
                  54 	                  26 
                  54 	                  27 
                  54 	                  28 
                  54 	                  29 
                  54 	                  30 
                  54 	                  31 
                  54 	                  33 
                  54 	                  34 
                  54 	                  35 
                  54 	                  36 
                  54 	                  37 
                  54 	                  38 
                  54 	                  40 
                  54 	                  41 
                  54 	                  42 
                  54 	                  43 
                  54 	                  44 
                  54 	                  45 
                  59 	                   8 
                  59 	                   9 
                  59 	                  10 
                  59 	                  11 
                  59 	                  12 
                  59 	                  13 
                  59 	                  15 
                  59 	                  16 
                  59 	                  17 
                  59 	                  18 
                  59 	                  19 
                  59 	                  20 
                  59 	                  22 
                  59 	                  23 
                  59 	                  24 
                  59 	                  25 
                  59 	                  26 
                  59 	                  27 
                  59 	                  29 
                  59 	                  30 
                  59 	                  31 
                  59 	                  32 
                  59 	                  33 
                  59 	                  34 
                  59 	                  36 
                  59 	                  37 
                  59 	                  38 
                  59 	                  39 
                  59 	                  40 
                  59 	                  41 
                  59 	                  43 
                  59 	                  44 
                  59 	                  45 
                  59 	                  46 
                  59 	                  47 
                  59 	                  48 
                  64 	                   5 
                  64 	                   6 
                  64 	                   7 
                  64 	                   8 
                  64 	                   9 
                  64 	                  10 
                  64 	                  12 
                  64 	                  13 
                  64 	                  14 
                  64 	                  15 
                  64 	                  16 
                  64 	                  17 
                  64 	                  19 
                  64 	                  20 
                  64 	                  21 
                  64 	                  22 
                  64 	                  23 
                  64 	                  24 
                  64 	                  26 
                  64 	                  27 
                  64 	                  28 
                  64 	                  29 
                  64 	                  30 
                  64 	                  31 
                  64 	                  33 
                  64 	                  34 
                  64 	                  35 
                  64 	                  36 
                  64 	                  37 
                  64 	                  38 
                  64 	                  40 
                  64 	                  41 
                  64 	                  42 
                  64 	                  43 
                  64 	                  44 
                  64 	                  45 
                  69 	                   8 
                  69 	                   9 
                  69 	                  10 
                  69 	                  11 
                  69 	                  12 
                  69 	                  13 
                  69 	                  15 
                  69 	                  16 
                  69 	                  17 
                  69 	                  18 
                  69 	                  19 
                  69 	                  20 
                  69 	                  22 
                  69 	                  23 
                  69 	                  24 
                  69 	                  25 
                  69 	                  26 
                  69 	                  27 
                  69 	                  29 
                  69 	                  30 
                  69 	                  31 
                  69 	                  32 
                  69 	                  33 
                  69 	                  34 
                  69 	                  36 
                  69 	                  37 
                  69 	                  38 
                  69 	                  39 
                  69 	                  40 
                  69 	                  41 
                  69 	                  43 
                  69 	                  44 
                  69 	                  45 
                  69 	                  46 
                  69 	                  47 
                  69 	                  48 
                  79 	                   5 
                  79 	                   6 
                  79 	                   7 
                  79 	                   8 
                  79 	                   9 
                  79 	                  10 
                  79 	                  12 
                  79 	                  13 
                  79 	                  14 
                  79 	                  15 
                  79 	                  16 
                  79 	                  17 
                  79 	                  19 
                  79 	                  20 
                  79 	                  21 
                  79 	                  22 
                  79 	                  23 
                  79 	                  24 
                  79 	                  26 
                  79 	                  27 
                  79 	                  28 
                  79 	                  29 
                  79 	                  30 
                  79 	                  31 
                  79 	                  33 
                  79 	                  34 
                  79 	                  35 
                  79 	                  36 
                  79 	                  37 
                  79 	                  38 
                  79 	                  40 
                  79 	                  41 
                  79 	                  42 
                  79 	                  43 
                  79 	                  44 
                  79 	                  45 
                  84 	                   8 
                  84 	                   9 
                  84 	                  10 
                  84 	                  11 
                  84 	                  12 
                  84 	                  13 
                  84 	                  15 
                  84 	                  16 
                  84 	                  17 
                  84 	                  18 
                  84 	                  19 
                  84 	                  20 
                  84 	                  22 
                  84 	                  23 
                  84 	                  24 
                  84 	                  25 
                  84 	                  26 
                  84 	                  27 
                  84 	                  29 
                  84 	                  30 
                  84 	                  31 
                  84 	                  32 
                  84 	                  33 
                  84 	                  34 
                  84 	                  36 
                  84 	                  37 
                  84 	                  38 
                  84 	                  39 
                  84 	                  40 
                  84 	                  41 
                  84 	                  43 
                  84 	                  44 
                  84 	                  45 
                  84 	                  46 
                  84 	                  47 
                  84 	                  48 
                  89 	                   5 
                  89 	                   6 
                  89 	                   7 
                  89 	                   8 
                  89 	                   9 
                  89 	                  10 
                  89 	                  12 
                  89 	                  13 
                  89 	                  14 
                  89 	                  15 
                  89 	                  16 
                  89 	                  17 
                  89 	                  19 
                  89 	                  20 
                  89 	                  21 
                  89 	                  22 
                  89 	                  23 
                  89 	                  24 
                  89 	                  26 
                  89 	                  27 
                  89 	                  28 
                  89 	                  29 
                  89 	                  30 
                  89 	                  31 
                  89 	                  33 
                  89 	                  34 
                  89 	                  35 
                  89 	                  36 
                  89 	                  37 
                  89 	                  38 
                  89 	                  40 
                  89 	                  41 
                  89 	                  42 
                  89 	                  43 
                  89 	                  44 
                  89 	                  45 
                  94 	                   8 
                  94 	                   9 
                  94 	                  10 
                  94 	                  11 
                  94 	                  12 
                  94 	                  13 
                  94 	                  15 
                  94 	                  16 
                  94 	                  17 
                  94 	                  18 
                  94 	                  19 
                  94 	                  20 
                  94 	                  22 
                  94 	                  23 
                  94 	                  24 
                  94 	                  25 
                  94 	                  26 
                  94 	                  27 
                  94 	                  29 
                  94 	                  30 
                  94 	                  31 
                  94 	                  32 
                  94 	                  33 
                  94 	                  34 
                  94 	                  36 
                  94 	                  37 
                  94 	                  38 
                  94 	                  39 
                  94 	                  40 
                  94 	                  41 
                  94 	                  43 
                  94 	                  44 
                  94 	                  45 
                  94 	                  46 
                  94 	                  47 
                  94 	                  48 
bond
       480
         0 	         1 	                   1
         1 	         2 	                   1
         2 	         3 	                   1
         3 	         4 	                   1
         4 	         5 	                   1
         6 	         7 	                   1
         7 	         8 	                   1
         8 	         9 	                   1
         9 	        10 	                   1
        10 	        11 	                   1
        12 	        13 	                   1
        13 	        14 	                   1
        14 	        15 	                   1
        15 	        16 	                   1
        16 	        17 	                   1
        18 	        19 	                   1
        19 	        20 	                   1
        20 	        21 	                   1
        21 	        22 	                   1
        22 	        23 	                   1
        24 	        25 	                   1
        25 	        26 	                   1
        26 	        27 	                   1
        27 	        28 	                   1
        28 	        29 	                   1
        30 	        31 	                   1
        31 	        32 	                   1
        32 	        33 	                   1
        33 	        34 	                   1
        34 	        35 	                   1
        36 	        37 	                   1
        37 	        38 	                   1
        38 	        39 	                   1
        39 	        40 	                   1
        40 	        41 	                   1
        42 	        43 	                   1
        43 	        44 	                   1
        44 	        45 	                   1
        45 	        46 	                   1
        46 	        47 	                   1
        48 	        49 	                   1
        49 	        50 	                   1
        50 	        51 	                   1
        51 	        52 	                   1
        52 	        53 	                   1
        54 	        55 	                   1
        55 	        56 	                   1
        56 	        57 	                   1
        57 	        58 	                   1
        58 	        59 	                   1
        60 	        61 	                   1
        61 	        62 	                   1
        62 	        63 	                   1
        63 	        64 	                   1
        64 	        65 	                   1
        66 	        67 	                   1
        67 	        68 	                   1
        68 	        69 	                   1
        69 	        70 	                   1
        70 	        71 	                   1
        72 	        73 	                   1
        73 	        74 	                   1
        74 	        75 	                   1
        75 	        76 	                   1
        76 	        77 	                   1
        78 	        79 	                   1
        79 	        80 	                   1
        80 	        81 	                   1
        81 	        82 	                   1
        82 	        83 	                   1
        84 	        85 	                   1
        85 	        86 	                   1
        86 	        87 	                   1
        87 	        88 	                   1
        88 	        89 	                   1
        90 	        91 	                   1
        91 	        92 	                   1
        92 	        93 	                   1
        93 	        94 	                   1
        94 	        95 	                   1
        96 	        97 	                   1
        97 	        98 	                   1
        98 	        99 	                   1
        99 	       100 	                   1
       100 	       101 	                   1
       102 	       103 	                   1
       103 	       104 	                   1
       104 	       105 	                   1
       105 	       106 	                   1
       106 	       107 	                   1
       108 	       109 	                   1
       109 	       110 	                   1
       110 	       111 	                   1
       111 	       112 	                   1
       112 	       113 	                   1
       114 	       115 	                   1
       115 	       116 	                   1
       116 	       117 	                   1
       117 	       118 	                   1
       118 	       119 	                   1
       120 	       121 	                   1
       121 	       122 	                   1
       122 	       123 	                   1
       123 	       124 	                   1
       124 	       125 	                   1
       126 	       127 	                   1
       127 	       128 	                   1
       128 	       129 	                   1
       129 	       130 	                   1
       130 	       131 	                   1
       132 	       133 	                   1
       133 	       134 	                   1
       134 	       135 	                   1
       135 	       136 	                   1
       136 	       137 	                   1
       138 	       139 	                   1
       139 	       140 	                   1
       140 	       141 	                   1
       141 	       142 	                   1
       142 	       143 	                   1
       144 	       145 	                   1
       145 	       146 	                   1
       146 	       147 	                   1
       147 	       148 	                   1
       148 	       149 	                   1
       150 	       151 	                   1
       151 	       152 	                   1
       152 	       153 	                   1
       153 	       154 	                   1
       154 	       155 	                   1
       156 	       157 	                   1
       157 	       158 	                   1
       158 	       159 	                   1
       159 	       160 	                   1
       160 	       161 	                   1
       162 	       163 	                   1
       163 	       164 	                   1
       164 	       165 	                   1
       165 	       166 	                   1
       166 	       167 	                   1
       168 	       169 	                   1
       169 	       170 	                   1
       170 	       171 	                   1
       171 	       172 	                   1
       172 	       173 	                   1
       174 	       175 	                   1
       175 	       176 	                   1
       176 	       177 	                   1
       177 	       178 	                   1
       178 	       179 	                   1
       180 	       181 	                   1
       181 	       182 	                   1
       182 	       183 	                   1
       183 	       184 	                   1
       184 	       185 	                   1
       186 	       187 	                   1
       187 	       188 	                   1
       188 	       189 	                   1
       189 	       190 	                   1
       190 	       191 	                   1
       192 	       193 	                   1
       193 	       194 	                   1
       194 	       195 	                   1
       195 	       196 	                   1
       196 	       197 	                   1
       198 	       199 	                   1
       199 	       200 	                   1
       200 	       201 	                   1
       201 	       202 	                   1
       202 	       203 	                   1
       204 	       205 	                   1
       205 	       206 	                   1
       206 	       207 	                   1
       207 	       208 	                   1
       208 	       209 	                   1
       210 	       211 	                   1
       211 	       212 	                   1
       212 	       213 	                   1
       213 	       214 	                   1
       214 	       215 	                   1
       216 	       217 	                   1
       217 	       218 	                   1
       218 	       219 	                   1
       219 	       220 	                   1
       220 	       221 	                   1
       222 	       223 	                   1
       223 	       224 	                   1
       224 	       225 	                   1
       225 	       226 	                   1
       226 	       227 	                   1
       228 	       229 	                   1
       229 	       230 	                   1
       230 	       231 	                   1
       231 	       232 	                   1
       232 	       233 	                   1
       234 	       235 	                   1
       235 	       236 	                   1
       236 	       237 	                   1
       237 	       238 	                   1
       238 	       239 	                   1
       240 	       241 	                   1
       241 	       242 	                   1
       242 	       243 	                   1
       243 	       244 	                   1
       244 	       245 	                   1
       246 	       247 	                   1
       247 	       248 	                   1
       248 	       249 	                   1
       249 	       250 	                   1
       250 	       251 	                   1
       252 	       253 	                   1
       253 	       254 	                   1
       254 	       255 	                   1
       255 	       256 	                   1
       256 	       257 	                   1
       258 	       259 	                   1
       259 	       260 	                   1
       260 	       261 	                   1
       261 	       262 	                   1
       262 	       263 	                   1
       264 	       265 	                   1
       265 	       266 	                   1
       266 	       267 	                   1
       267 	       268 	                   1
       268 	       269 	                   1
       270 	       271 	                   1
       271 	       272 	                   1
       272 	       273 	                   1
       273 	       274 	                   1
       274 	       275 	                   1
       276 	       277 	                   1
       277 	       278 	                   1
       278 	       279 	                   1
       279 	       280 	                   1
       280 	       281 	                   1
       282 	       283 	                   1
       283 	       284 	                   1
       284 	       285 	                   1
       285 	       286 	                   1
       286 	       287 	                   1
       288 	       289 	                   1
       289 	       290 	                   1
       290 	       291 	                   1
       291 	       292 	                   1
       292 	       293 	                   1
       294 	       295 	                   1
       295 	       296 	                   1
       296 	       297 	                   1
       297 	       298 	                   1
       298 	       299 	                   1
       300 	       301 	                   1
       301 	       302 	                   1
       302 	       303 	                   1
       303 	       304 	                   1
       304 	       305 	                   1
       306 	       307 	                   1
       307 	       308 	                   1
       308 	       309 	                   1
       309 	       310 	                   1
       310 	       311 	                   1
       312 	       313 	                   1
       313 	       314 	                   1
       314 	       315 	                   1
       315 	       316 	                   1
       316 	       317 	                   1
       318 	       319 	                   1
       319 	       320 	                   1
       320 	       321 	                   1
       321 	       322 	                   1
       322 	       323 	                   1
       324 	       325 	                   1
       325 	       326 	                   1
       326 	       327 	                   1
       327 	       328 	                   1
       328 	       329 	                   1
       330 	       331 	                   1
       331 	       332 	                   1
       332 	       333 	                   1
       333 	       334 	                   1
       334 	       335 	                   1
       336 	       337 	                   1
       337 	       338 	                   1
       338 	       339 	                   1
       339 	       340 	                   1
       340 	       341 	                   1
       342 	       343 	                   1
       343 	       344 	                   1
       344 	       345 	                   1
       345 	       346 	                   1
       346 	       347 	                   1
       348 	       349 	                   1
       349 	       350 	                   1
       350 	       351 	                   1
       351 	       352 	                   1
       352 	       353 	                   1
       354 	       355 	                   1
       355 	       356 	                   1
       356 	       357 	                   1
       357 	       358 	                   1
       358 	       359 	                   1
       360 	       361 	                   1
       361 	       362 	                   1
       362 	       363 	                   1
       363 	       364 	                   1
       364 	       365 	                   1
       366 	       367 	                   1
       367 	       368 	                   1
       368 	       369 	                   1
       369 	       370 	                   1
       370 	       371 	                   1
       372 	       373 	                   1
       373 	       374 	                   1
       374 	       375 	                   1
       375 	       376 	                   1
       376 	       377 	                   1
       378 	       379 	                   1
       379 	       380 	                   1
       380 	       381 	                   1
       381 	       382 	                   1
       382 	       383 	                   1
       384 	       385 	                   1
       385 	       386 	                   1
       386 	       387 	                   1
       387 	       388 	                   1
       388 	       389 	                   1
       390 	       391 	                   1
       391 	       392 	                   1
       392 	       393 	                   1
       393 	       394 	                   1
       394 	       395 	                   1
       396 	       397 	                   1
       397 	       398 	                   1
       398 	       399 	                   1
       399 	       400 	                   1
       400 	       401 	                   1
       402 	       403 	                   1
       403 	       404 	                   1
       404 	       405 	                   1
       405 	       406 	                   1
       406 	       407 	                   1
       408 	       409 	                   1
       409 	       410 	                   1
       410 	       411 	                   1
       411 	       412 	                   1
       412 	       413 	                   1
       414 	       415 	                   1
       415 	       416 	                   1
       416 	       417 	                   1
       417 	       418 	                   1
       418 	       419 	                   1
       420 	       421 	                   1
       421 	       422 	                   1
       422 	       423 	                   1
       423 	       424 	                   1
       424 	       425 	                   1
       426 	       427 	                   1
       427 	       428 	                   1
       428 	       429 	                   1
       429 	       430 	                   1
       430 	       431 	                   1
       432 	       433 	                   1
       433 	       434 	                   1
       434 	       435 	                   1
       435 	       436 	                   1
       436 	       437 	                   1
       438 	       439 	                   1
       439 	       440 	                   1
       440 	       441 	                   1
       441 	       442 	                   1
       442 	       443 	                   1
       444 	       445 	                   1
       445 	       446 	                   1
       446 	       447 	                   1
       447 	       448 	                   1
       448 	       449 	                   1
       450 	       451 	                   1
       451 	       452 	                   1
       452 	       453 	                   1
       453 	       454 	                   1
       454 	       455 	                   1
       456 	       457 	                   1
       457 	       458 	                   1
       458 	       459 	                   1
       459 	       460 	                   1
       460 	       461 	                   1
       462 	       463 	                   1
       463 	       464 	                   1
       464 	       465 	                   1
       465 	       466 	                   1
       466 	       467 	                   1
       468 	       469 	                   1
       469 	       470 	                   1
       470 	       471 	                   1
       471 	       472 	                   1
       472 	       473 	                   1
       474 	       475 	                   1
       475 	       476 	                   1
       476 	       477 	                   1
       477 	       478 	                   1
       478 	       479 	                   1
       480 	       481 	                   1
       481 	       482 	                   1
       482 	       483 	                   1
       483 	       484 	                   1
       484 	       485 	                   1
       486 	       487 	                   1
       487 	       488 	                   1
       488 	       489 	                   1
       489 	       490 	                   1
       490 	       491 	                   1
       492 	       493 	                   1
       493 	       494 	                   1
       494 	       495 	                   1
       495 	       496 	                   1
       496 	       497 	                   1
       498 	       499 	                   1
       499 	       500 	                   1
       500 	       501 	                   1
       501 	       502 	                   1
       502 	       503 	                   1
       504 	       505 	                   1
       505 	       506 	                   1
       506 	       507 	                   1
       507 	       508 	                   1
       508 	       509 	                   1
       510 	       511 	                   1
       511 	       512 	                   1
       512 	       513 	                   1
       513 	       514 	                   1
       514 	       515 	                   1
       516 	       517 	                   1
       517 	       518 	                   1
       518 	       519 	                   1
       519 	       520 	                   1
       520 	       521 	                   1
       522 	       523 	                   1
       523 	       524 	                   1
       524 	       525 	                   1
       525 	       526 	                   1
       526 	       527 	                   1
       528 	       529 	                   1
       529 	       530 	                   1
       530 	       531 	                   1
       531 	       532 	                   1
       532 	       533 	                   1
       534 	       535 	                   1
       535 	       536 	                   1
       536 	       537 	                   1
       537 	       538 	                   1
       538 	       539 	                   1
       540 	       541 	                   1
       541 	       542 	                   1
       542 	       543 	                   1
       543 	       544 	                   1
       544 	       545 	                   1
       546 	       547 	                   1
       547 	       548 	                   1
       548 	       549 	                   1
       549 	       550 	                   1
       550 	       551 	                   1
       552 	       553 	                   1
       553 	       554 	                   1
       554 	       555 	                   1
       555 	       556 	                   1
       556 	       557 	                   1
       558 	       559 	                   1
       559 	       560 	                   1
       560 	       561 	                   1
       561 	       562 	                   1
       562 	       563 	                   1
       564 	       565 	                   1
       565 	       566 	                   1
       566 	       567 	                   1
       567 	       568 	                   1
       568 	       569 	                   1
       570 	       571 	                   1
       571 	       572 	                   1
       572 	       573 	                   1
       573 	       574 	                   1
       574 	       575 	                   1
angle
       384
         0 	         1 	         2 	    3.14159265358979
         1 	         2 	         3 	    3.14159265358979
         2 	         3 	         4 	    3.14159265358979
         3 	         4 	         5 	    3.14159265358979
         6 	         7 	         8 	    3.14159265358979
         7 	         8 	         9 	    3.14159265358979
         8 	         9 	        10 	    3.14159265358979
         9 	        10 	        11 	    3.14159265358979
        12 	        13 	        14 	    3.14159265358979
        13 	        14 	        15 	    3.14159265358979
        14 	        15 	        16 	    3.14159265358979
        15 	        16 	        17 	    3.14159265358979
        18 	        19 	        20 	    3.14159265358979
        19 	        20 	        21 	    3.14159265358979
        20 	        21 	        22 	    3.14159265358979
        21 	        22 	        23 	    3.14159265358979
        24 	        25 	        26 	    3.14159265358979
        25 	        26 	        27 	    3.14159265358979
        26 	        27 	        28 	    3.14159265358979
        27 	        28 	        29 	    3.14159265358979
        30 	        31 	        32 	    3.14159265358979
        31 	        32 	        33 	    3.14159265358979
        32 	        33 	        34 	    3.14159265358979
        33 	        34 	        35 	    3.14159265358979
        36 	        37 	        38 	    3.14159265358979
        37 	        38 	        39 	    3.14159265358979
        38 	        39 	        40 	    3.14159265358979
        39 	        40 	        41 	    3.14159265358979
        42 	        43 	        44 	    3.14159265358979
        43 	        44 	        45 	    3.14159265358979
        44 	        45 	        46 	    3.14159265358979
        45 	        46 	        47 	    3.14159265358979
        48 	        49 	        50 	    3.14159265358979
        49 	        50 	        51 	    3.14159265358979
        50 	        51 	        52 	    3.14159265358979
        51 	        52 	        53 	    3.14159265358979
        54 	        55 	        56 	    3.14159265358979
        55 	        56 	        57 	    3.14159265358979
        56 	        57 	        58 	    3.14159265358979
        57 	        58 	        59 	    3.14159265358979
        60 	        61 	        62 	    3.14159265358979
        61 	        62 	        63 	    3.14159265358979
        62 	        63 	        64 	    3.14159265358979
        63 	        64 	        65 	    3.14159265358979
        66 	        67 	        68 	    3.14159265358979
        67 	        68 	        69 	    3.14159265358979
        68 	        69 	        70 	    3.14159265358979
        69 	        70 	        71 	    3.14159265358979
        72 	        73 	        74 	    3.14159265358979
        73 	        74 	        75 	    3.14159265358979
        74 	        75 	        76 	    3.14159265358979
        75 	        76 	        77 	    3.14159265358979
        78 	        79 	        80 	    3.14159265358979
        79 	        80 	        81 	    3.14159265358979
        80 	        81 	        82 	    3.14159265358979
        81 	        82 	        83 	    3.14159265358979
        84 	        85 	        86 	    3.14159265358979
        85 	        86 	        87 	    3.14159265358979
        86 	        87 	        88 	    3.14159265358979
        87 	        88 	        89 	    3.14159265358979
        90 	        91 	        92 	    3.14159265358979
        91 	        92 	        93 	    3.14159265358979
        92 	        93 	        94 	    3.14159265358979
        93 	        94 	        95 	    3.14159265358979
        96 	        97 	        98 	    3.14159265358979
        97 	        98 	        99 	    3.14159265358979
        98 	        99 	       100 	    3.14159265358979
        99 	       100 	       101 	    3.14159265358979
       102 	       103 	       104 	    3.14159265358979
       103 	       104 	       105 	    3.14159265358979
       104 	       105 	       106 	    3.14159265358979
       105 	       106 	       107 	    3.14159265358979
       108 	       109 	       110 	    3.14159265358979
       109 	       110 	       111 	    3.14159265358979
       110 	       111 	       112 	    3.14159265358979
       111 	       112 	       113 	    3.14159265358979
       114 	       115 	       116 	    3.14159265358979
       115 	       116 	       117 	    3.14159265358979
       116 	       117 	       118 	    3.14159265358979
       117 	       118 	       119 	    3.14159265358979
       120 	       121 	       122 	    3.14159265358979
       121 	       122 	       123 	    3.14159265358979
       122 	       123 	       124 	    3.14159265358979
       123 	       124 	       125 	    3.14159265358979
       126 	       127 	       128 	    3.14159265358979
       127 	       128 	       129 	    3.14159265358979
       128 	       129 	       130 	    3.14159265358979
       129 	       130 	       131 	    3.14159265358979
       132 	       133 	       134 	    3.14159265358979
       133 	       134 	       135 	    3.14159265358979
       134 	       135 	       136 	    3.14159265358979
       135 	       136 	       137 	    3.14159265358979
       138 	       139 	       140 	    3.14159265358979
       139 	       140 	       141 	    3.14159265358979
       140 	       141 	       142 	    3.14159265358979
       141 	       142 	       143 	    3.14159265358979
       144 	       145 	       146 	    3.14159265358979
       145 	       146 	       147 	    3.14159265358979
       146 	       147 	       148 	    3.14159265358979
       147 	       148 	       149 	    3.14159265358979
       150 	       151 	       152 	    3.14159265358979
       151 	       152 	       153 	    3.14159265358979
       152 	       153 	       154 	    3.14159265358979
       153 	       154 	       155 	    3.14159265358979
       156 	       157 	       158 	    3.14159265358979
       157 	       158 	       159 	    3.14159265358979
       158 	       159 	       160 	    3.14159265358979
       159 	       160 	       161 	    3.14159265358979
       162 	       163 	       164 	    3.14159265358979
       163 	       164 	       165 	    3.14159265358979
       164 	       165 	       166 	    3.14159265358979
       165 	       166 	       167 	    3.14159265358979
       168 	       169 	       170 	    3.14159265358979
       169 	       170 	       171 	    3.14159265358979
       170 	       171 	       172 	    3.14159265358979
       171 	       172 	       173 	    3.14159265358979
       174 	       175 	       176 	    3.14159265358979
       175 	       176 	       177 	    3.14159265358979
       176 	       177 	       178 	    3.14159265358979
       177 	       178 	       179 	    3.14159265358979
       180 	       181 	       182 	    3.14159265358979
       181 	       182 	       183 	    3.14159265358979
       182 	       183 	       184 	    3.14159265358979
       183 	       184 	       185 	    3.14159265358979
       186 	       187 	       188 	    3.14159265358979
       187 	       188 	       189 	    3.14159265358979
       188 	       189 	       190 	    3.14159265358979
       189 	       190 	       191 	    3.14159265358979
       192 	       193 	       194 	    3.14159265358979
       193 	       194 	       195 	    3.14159265358979
       194 	       195 	       196 	    3.14159265358979
       195 	       196 	       197 	    3.14159265358979
       198 	       199 	       200 	    3.14159265358979
       199 	       200 	       201 	    3.14159265358979
       200 	       201 	       202 	    3.14159265358979
       201 	       202 	       203 	    3.14159265358979
       204 	       205 	       206 	    3.14159265358979
       205 	       206 	       207 	    3.14159265358979
       206 	       207 	       208 	    3.14159265358979
       207 	       208 	       209 	    3.14159265358979
       210 	       211 	       212 	    3.14159265358979
       211 	       212 	       213 	    3.14159265358979
       212 	       213 	       214 	    3.14159265358979
       213 	       214 	       215 	    3.14159265358979
       216 	       217 	       218 	    3.14159265358979
       217 	       218 	       219 	    3.14159265358979
       218 	       219 	       220 	    3.14159265358979
       219 	       220 	       221 	    3.14159265358979
       222 	       223 	       224 	    3.14159265358979
       223 	       224 	       225 	    3.14159265358979
       224 	       225 	       226 	    3.14159265358979
       225 	       226 	       227 	    3.14159265358979
       228 	       229 	       230 	    3.14159265358979
       229 	       230 	       231 	    3.14159265358979
       230 	       231 	       232 	    3.14159265358979
       231 	       232 	       233 	    3.14159265358979
       234 	       235 	       236 	    3.14159265358979
       235 	       236 	       237 	    3.14159265358979
       236 	       237 	       238 	    3.14159265358979
       237 	       238 	       239 	    3.14159265358979
       240 	       241 	       242 	    3.14159265358979
       241 	       242 	       243 	    3.14159265358979
       242 	       243 	       244 	    3.14159265358979
       243 	       244 	       245 	    3.14159265358979
       246 	       247 	       248 	    3.14159265358979
       247 	       248 	       249 	    3.14159265358979
       248 	       249 	       250 	    3.14159265358979
       249 	       250 	       251 	    3.14159265358979
       252 	       253 	       254 	    3.14159265358979
       253 	       254 	       255 	    3.14159265358979
       254 	       255 	       256 	    3.14159265358979
       255 	       256 	       257 	    3.14159265358979
       258 	       259 	       260 	    3.14159265358979
       259 	       260 	       261 	    3.14159265358979
       260 	       261 	       262 	    3.14159265358979
       261 	       262 	       263 	    3.14159265358979
       264 	       265 	       266 	    3.14159265358979
       265 	       266 	       267 	    3.14159265358979
       266 	       267 	       268 	    3.14159265358979
       267 	       268 	       269 	    3.14159265358979
       270 	       271 	       272 	    3.14159265358979
       271 	       272 	       273 	    3.14159265358979
       272 	       273 	       274 	    3.14159265358979
       273 	       274 	       275 	    3.14159265358979
       276 	       277 	       278 	    3.14159265358979
       277 	       278 	       279 	    3.14159265358979
       278 	       279 	       280 	    3.14159265358979
       279 	       280 	       281 	    3.14159265358979
       282 	       283 	       284 	    3.14159265358979
       283 	       284 	       285 	    3.14159265358979
       284 	       285 	       286 	    3.14159265358979
       285 	       286 	       287 	    3.14159265358979
       288 	       289 	       290 	    3.14159265358979
       289 	       290 	       291 	    3.14159265358979
       290 	       291 	       292 	    3.14159265358979
       291 	       292 	       293 	    3.14159265358979
       294 	       295 	       296 	    3.14159265358979
       295 	       296 	       297 	    3.14159265358979
       296 	       297 	       298 	    3.14159265358979
       297 	       298 	       299 	    3.14159265358979
       300 	       301 	       302 	    3.14159265358979
       301 	       302 	       303 	    3.14159265358979
       302 	       303 	       304 	    3.14159265358979
       303 	       304 	       305 	    3.14159265358979
       306 	       307 	       308 	    3.14159265358979
       307 	       308 	       309 	    3.14159265358979
       308 	       309 	       310 	    3.14159265358979
       309 	       310 	       311 	    3.14159265358979
       312 	       313 	       314 	    3.14159265358979
       313 	       314 	       315 	    3.14159265358979
       314 	       315 	       316 	    3.14159265358979
       315 	       316 	       317 	    3.14159265358979
       318 	       319 	       320 	    3.14159265358979
       319 	       320 	       321 	    3.14159265358979
       320 	       321 	       322 	    3.14159265358979
       321 	       322 	       323 	    3.14159265358979
       324 	       325 	       326 	    3.14159265358979
       325 	       326 	       327 	    3.14159265358979
       326 	       327 	       328 	    3.14159265358979
       327 	       328 	       329 	    3.14159265358979
       330 	       331 	       332 	    3.14159265358979
       331 	       332 	       333 	    3.14159265358979
       332 	       333 	       334 	    3.14159265358979
       333 	       334 	       335 	    3.14159265358979
       336 	       337 	       338 	    3.14159265358979
       337 	       338 	       339 	    3.14159265358979
       338 	       339 	       340 	    3.14159265358979
       339 	       340 	       341 	    3.14159265358979
       342 	       343 	       344 	    3.14159265358979
       343 	       344 	       345 	    3.14159265358979
       344 	       345 	       346 	    3.14159265358979
       345 	       346 	       347 	    3.14159265358979
       348 	       349 	       350 	    3.14159265358979
       349 	       350 	       351 	    3.14159265358979
       350 	       351 	       352 	    3.14159265358979
       351 	       352 	       353 	    3.14159265358979
       354 	       355 	       356 	    3.14159265358979
       355 	       356 	       357 	    3.14159265358979
       356 	       357 	       358 	    3.14159265358979
       357 	       358 	       359 	    3.14159265358979
       360 	       361 	       362 	    3.14159265358979
       361 	       362 	       363 	    3.14159265358979
       362 	       363 	       364 	    3.14159265358979
       363 	       364 	       365 	    3.14159265358979
       366 	       367 	       368 	    3.14159265358979
       367 	       368 	       369 	    3.14159265358979
       368 	       369 	       370 	    3.14159265358979
       369 	       370 	       371 	    3.14159265358979
       372 	       373 	       374 	    3.14159265358979
       373 	       374 	       375 	    3.14159265358979
       374 	       375 	       376 	    3.14159265358979
       375 	       376 	       377 	    3.14159265358979
       378 	       379 	       380 	    3.14159265358979
       379 	       380 	       381 	    3.14159265358979
       380 	       381 	       382 	    3.14159265358979
       381 	       382 	       383 	    3.14159265358979
       384 	       385 	       386 	    3.14159265358979
       385 	       386 	       387 	    3.14159265358979
       386 	       387 	       388 	    3.14159265358979
       387 	       388 	       389 	    3.14159265358979
       390 	       391 	       392 	    3.14159265358979
       391 	       392 	       393 	    3.14159265358979
       392 	       393 	       394 	    3.14159265358979
       393 	       394 	       395 	    3.14159265358979
       396 	       397 	       398 	    3.14159265358979
       397 	       398 	       399 	    3.14159265358979
       398 	       399 	       400 	    3.14159265358979
       399 	       400 	       401 	    3.14159265358979
       402 	       403 	       404 	    3.14159265358979
       403 	       404 	       405 	    3.14159265358979
       404 	       405 	       406 	    3.14159265358979
       405 	       406 	       407 	    3.14159265358979
       408 	       409 	       410 	    3.14159265358979
       409 	       410 	       411 	    3.14159265358979
       410 	       411 	       412 	    3.14159265358979
       411 	       412 	       413 	    3.14159265358979
       414 	       415 	       416 	    3.14159265358979
       415 	       416 	       417 	    3.14159265358979
       416 	       417 	       418 	    3.14159265358979
       417 	       418 	       419 	    3.14159265358979
       420 	       421 	       422 	    3.14159265358979
       421 	       422 	       423 	    3.14159265358979
       422 	       423 	       424 	    3.14159265358979
       423 	       424 	       425 	    3.14159265358979
       426 	       427 	       428 	    3.14159265358979
       427 	       428 	       429 	    3.14159265358979
       428 	       429 	       430 	    3.14159265358979
       429 	       430 	       431 	    3.14159265358979
       432 	       433 	       434 	    3.14159265358979
       433 	       434 	       435 	    3.14159265358979
       434 	       435 	       436 	    3.14159265358979
       435 	       436 	       437 	    3.14159265358979
       438 	       439 	       440 	    3.14159265358979
       439 	       440 	       441 	    3.14159265358979
       440 	       441 	       442 	    3.14159265358979
       441 	       442 	       443 	    3.14159265358979
       444 	       445 	       446 	    3.14159265358979
       445 	       446 	       447 	    3.14159265358979
       446 	       447 	       448 	    3.14159265358979
       447 	       448 	       449 	    3.14159265358979
       450 	       451 	       452 	    3.14159265358979
       451 	       452 	       453 	    3.14159265358979
       452 	       453 	       454 	    3.14159265358979
       453 	       454 	       455 	    3.14159265358979
       456 	       457 	       458 	    3.14159265358979
       457 	       458 	       459 	    3.14159265358979
       458 	       459 	       460 	    3.14159265358979
       459 	       460 	       461 	    3.14159265358979
       462 	       463 	       464 	    3.14159265358979
       463 	       464 	       465 	    3.14159265358979
       464 	       465 	       466 	    3.14159265358979
       465 	       466 	       467 	    3.14159265358979
       468 	       469 	       470 	    3.14159265358979
       469 	       470 	       471 	    3.14159265358979
       470 	       471 	       472 	    3.14159265358979
       471 	       472 	       473 	    3.14159265358979
       474 	       475 	       476 	    3.14159265358979
       475 	       476 	       477 	    3.14159265358979
       476 	       477 	       478 	    3.14159265358979
       477 	       478 	       479 	    3.14159265358979
       480 	       481 	       482 	    3.14159265358979
       481 	       482 	       483 	    3.14159265358979
       482 	       483 	       484 	    3.14159265358979
       483 	       484 	       485 	    3.14159265358979
       486 	       487 	       488 	    3.14159265358979
       487 	       488 	       489 	    3.14159265358979
       488 	       489 	       490 	    3.14159265358979
       489 	       490 	       491 	    3.14159265358979
       492 	       493 	       494 	    3.14159265358979
       493 	       494 	       495 	    3.14159265358979
       494 	       495 	       496 	    3.14159265358979
       495 	       496 	       497 	    3.14159265358979
       498 	       499 	       500 	    3.14159265358979
       499 	       500 	       501 	    3.14159265358979
       500 	       501 	       502 	    3.14159265358979
       501 	       502 	       503 	    3.14159265358979
       504 	       505 	       506 	    3.14159265358979
       505 	       506 	       507 	    3.14159265358979
       506 	       507 	       508 	    3.14159265358979
       507 	       508 	       509 	    3.14159265358979
       510 	       511 	       512 	    3.14159265358979
       511 	       512 	       513 	    3.14159265358979
       512 	       513 	       514 	    3.14159265358979
       513 	       514 	       515 	    3.14159265358979
       516 	       517 	       518 	    3.14159265358979
       517 	       518 	       519 	    3.14159265358979
       518 	       519 	       520 	    3.14159265358979
       519 	       520 	       521 	    3.14159265358979
       522 	       523 	       524 	    3.14159265358979
       523 	       524 	       525 	    3.14159265358979
       524 	       525 	       526 	    3.14159265358979
       525 	       526 	       527 	    3.14159265358979
       528 	       529 	       530 	    3.14159265358979
       529 	       530 	       531 	    3.14159265358979
       530 	       531 	       532 	    3.14159265358979
       531 	       532 	       533 	    3.14159265358979
       534 	       535 	       536 	    3.14159265358979
       535 	       536 	       537 	    3.14159265358979
       536 	       537 	       538 	    3.14159265358979
       537 	       538 	       539 	    3.14159265358979
       540 	       541 	       542 	    3.14159265358979
       541 	       542 	       543 	    3.14159265358979
       542 	       543 	       544 	    3.14159265358979
       543 	       544 	       545 	    3.14159265358979
       546 	       547 	       548 	    3.14159265358979
       547 	       548 	       549 	    3.14159265358979
       548 	       549 	       550 	    3.14159265358979
       549 	       550 	       551 	    3.14159265358979
       552 	       553 	       554 	    3.14159265358979
       553 	       554 	       555 	    3.14159265358979
       554 	       555 	       556 	    3.14159265358979
       555 	       556 	       557 	    3.14159265358979
       558 	       559 	       560 	    3.14159265358979
       559 	       560 	       561 	    3.14159265358979
       560 	       561 	       562 	    3.14159265358979
       561 	       562 	       563 	    3.14159265358979
       564 	       565 	       566 	    3.14159265358979
       565 	       566 	       567 	    3.14159265358979
       566 	       567 	       568 	    3.14159265358979
       567 	       568 	       569 	    3.14159265358979
       570 	       571 	       572 	    3.14159265358979
       571 	       572 	       573 	    3.14159265358979
       572 	       573 	       574 	    3.14159265358979
       573 	       574 	       575 	    3.14159265358979
